0 0.995 0.990 0.975 0.950 0.9 0.750 0.5	0.25 0.1
1 0.00 0.00 0.00 0.00 0.02 0.10 0.45 1.32 2.71
2 0.01 0.02 0.05 0.10 0.21 0.58 1.39 2.77 4.61
3 0.07 0.11 0.22 0.35 0.58 1.21 2.37 4.11 6.25
4 0.21 0.30 0.48 0.71 1.06 1.92 3.36 5.39 7.78
5 0.41 0.55 0.83 1.15 1.61 2.67 4.35 6.63 9.24
6 0.68 0.87 1.24 1.64 2.20 3.45 5.35 7.84 10.64
7 0.99 1.24 1.69 2.17 2.83 4.25 6.35 9.04 12.02
8 1.34 1.65 2.18 2.73 3.49 5.07 7.34 10.22 13.36
9 1.73 2.09 2.70 3.33 4.17 5.90 8.34 11.39 14.68
10 2.15 2.56 3.25 3.94 4.87 6.74 9.34 12.55 15.99
