0.575493 0.00329651
0.771401 0.00315195
0.96731 0.00240378
1.16322 0.00244138
1.35913 0.00196535
1.55503 0.00195218
1.75094 0.00178264
1.94685 0.0018255
2.14276 0.00167922
2.33867 0.00150719
2.53458 0.00154219
2.73048 0.00123281
2.92639 0.00132914
3.1223 0.00149781
3.31821 0.00133802
3.51412 0.00130809
3.71003 0.00118518
3.90594 0.00122856
4.10184 0.00119164
4.29775 0.00122074
4.49366 0.0010033
4.68957 0.00104023
4.88548 0.00108857
5.08139 0.00102457
5.27729 0.00106802
5.4732 0.00108625
5.66911 0.00109432
5.86502 0.00109551
6.06093 0.00123674
6.25684 0.00102797
6.45274 0.00108297
6.64865 0.00105772
6.84456 0.00099996
7.04047 0.000991855
7.23638 0.000995178
7.43229 0.000927706
7.62819 0.000942369
7.8241 0.000932459
8.02001 0.000968557
8.21592 0.00101299
8.41183 0.00100018
8.60774 0.000957512
8.80365 0.00081704
8.99955 0.000819273
9.19546 0.000906261
9.39137 0.000952583
9.58728 0.00100746
9.78319 0.00118573
9.9791 0.00119983
10.175 0.00120706
10.3709 0.00117724
10.5668 0.00112552
10.7627 0.00115933
10.9586 0.00116973
11.1545 0.00115148
11.3505 0.00101166
11.5464 0.000820896
11.7423 0.000519544
11.9382 0.000523652
12.1341 0.000459376
12.33 0.000465466
12.5259 0.000463059
12.7218 0.000487018
12.9177 0.00048683
13.1136 0.000475838
13.3095 0.000483395
13.5054 0.000446736
13.7014 0.000424476
13.8973 0.000420006
14.0932 0.000412446
14.2891 0.000452847
14.485 0.000404206
14.6809 0.000350351
14.8768 0.000388128
15.0727 0.00040173
15.2686 0.00041443
15.4645 0.000372374
15.6604 0.000401948
15.8563 0.000360025
16.0523 0.000360666
16.2482 0.000375035
16.4441 0.000337516
16.64 0.00035395
16.8359 0.000381359
17.0318 0.000334791
17.2277 0.000354614
17.4236 0.000338346
17.6195 0.000311527
17.8154 0.000351177
18.0113 0.000337651
18.2072 0.000306306
18.4032 0.000315034
18.5991 0.000298652
18.795 0.000273882
18.9909 0.000295771
19.1868 0.000299177
19.3827 0.000289916
19.5786 0.000288604
19.7745 0.000288506
19.9704 0.000288895
20.1663 0.000280858
20.3622 0.00024822
20.5581 0.000275404
20.7541 0.000229395
20.95 0.000275719
21.1459 0.000264582
21.3418 0.000249227
21.5377 0.000236858
21.7336 0.000243614
21.9295 0.00022187
22.1254 0.000217386
22.3213 0.00022808
22.5172 0.000238464
22.7131 0.000247093
22.909 0.000213721
23.105 0.000216734
23.3009 0.000201384
23.4968 0.000205566
23.6927 0.000194549
23.8886 0.000198545
24.0845 0.000210644
24.2804 0.000180973
24.4763 0.000202045
24.6722 0.000186421
24.8681 0.000181053
25.064 0.000168087
25.2599 0.00017459
25.4559 0.000169287
25.6518 0.000151696
25.8477 0.000166441
26.0436 0.000167298
26.2395 0.000176559
26.4354 0.000165777
26.6313 0.000166777
26.8272 0.000151545
27.0231 0.000158963
27.219 0.000143016
27.4149 0.000120597
27.6108 0.000156062
27.8068 0.00013373
28.0027 0.000130715
28.1986 0.000124857
28.3945 0.00012651
28.5904 0.000109108
28.7863 9.19e-05
28.9822 0.000126237
29.1781 0.000117357
29.374 0.000125427
29.5699 0.000119684
29.7658 0.000112446
29.9618 0.000117759
30.1577 0.000109527
30.3536 0.000100845
30.5495 0.000114141
30.7454 8.79591e-05
30.9413 7.70158e-05
31.1372 0.000117888
31.3331 0.000105228
31.529 9.5866e-05
31.7249 0.000107566
31.9208 0.000103782
32.1167 9.76836e-05
32.3126 9.0314e-05
32.5086 7.71553e-05
32.7045 9.97718e-05
32.9004 8.68083e-05
33.0963 8.26374e-05
33.2922 9.82585e-05
33.4881 8.84614e-05
33.684 7.1124e-05
33.8799 0.000112964
34.0758 0.000105837
34.2717 7.98857e-05
34.4676 7.42441e-05
34.6635 7.0319e-05
34.8595 7.35796e-05
35.0554 8.64685e-05
35.2513 8.17291e-05
35.4472 6.75009e-05
35.6431 8.09341e-05
35.839 7.31082e-05
36.0349 6.23861e-05
36.2308 6.72557e-05
36.4267 8.10079e-05
36.6226 9.68271e-05
36.8185 5.74074e-05
37.0145 8.11844e-05
37.2104 6.63064e-05
37.4063 9.6323e-05
37.6022 7.72951e-05
37.7981 6.53581e-05
37.994 6.70802e-05
38.1899 5.71155e-05
38.5817 4.16663e-05
38.7776 5.82204e-05
38.9735 4.75088e-05
39.1694 3.21039e-05
39.3653 3.74286e-05
39.5613 3.75887e-05
39.7572 3.70274e-05
39.9531 4.4944e-05
40.149 5.82738e-05
40.3449 3.93966e-05
40.5408 3.22945e-05
40.7367 3.22543e-05
40.9326 2.18751e-05
41.1285 2.28659e-05
41.3244 2.64657e-05
41.5203 2.67066e-05
41.7163 2.13444e-05
41.9122 1.67575e-05
42.1081 1.60568e-05
42.304 3.2175e-07
42.4999 3.20027e-06
42.6958 1.01784e-05
42.8917 5.69952e-06
43.0876 1.0383e-05
43.2835 8.76122e-07
43.4794 2.94955e-05
43.6753 9.67597e-06
44.0672 1.25954e-06
45.0467 9.62298e-06
45.2426 8.07719e-06
45.4385 1.84723e-06
45.8303 2.49248e-06
46.4181 3.89248e-06
47.3976 1.28886e-05
47.711 4.09282e-06
47.8286 3.46094e-07
47.907 1.43604e-07
47.9461 7.66074e-07
47.9657 8.31481e-06
48.0049 4.92343e-06
48.1029 6.57873e-07
48.1225 1.03598e-05
48.4947 2.9857e-06
48.5535 3.1331e-06
48.8473 4.00309e-06
48.9061 9.88958e-06
48.9257 6.22462e-06
49.3175 1.65816e-05
49.3371 0.000198236
49.435 0.000203118
